(6, -9) [0, 47]
(6, -8) [0, 561]
(6, -7) [0, 302]
(6, -6) [0, 460]
(6, -5) [146, 654]
(6, -4) [206, 597]
(6, -3) [0, 815]
(6, -2) [0, 347]
(6, -1) [220, 564]
(6, 0) [134, 28]
(6, 1) [8, 92]
(6, 2) [19, 163]
(6, 3) [0, 229]
(6, 4) [0, 335]
(6, 5) [62, 289]
(6, 6) [383, 0]
(6, 7) [102, 0]
(6, 8) [110, 0]
(6, 9) [59, 0]
(6, 10) [9, 0]
(7, -9) [0, 147]
(7, -8) [0, 134]
(7, -7) [0, 488]
(7, -6) [0, 708]
(7, -5) [63, 998]
(7, -4) [37, 382]
(7, -3) [0, 279]
(7, -2) [4, 1072]
(7, -1) [29, 1564]
(7, 0) [350, 42]
(7, 1) [553, 0]
(7, 2) [520, 0]
(7, 3) [82, 0]
(7, 5) [0, 371]
(7, 6) [0, 258]
(7, 7) [562, 366]
(7, 8) [625, 0]
(7, 9) [272, 0]
(7, 10) [61, 0]
(7, 11) [17, 0]
(8, -10) [0, 3]
(8, -9) [11, 4]
(8, -8) [6, 135]
(8, -7) [0, 430]
(8, -6) [3, 244]
(8, -5) [0, 337]
(8, -4) [1, 28]
(8, -3) [32, 145]
(8, -2) [0, 392]
(8, -1) [247, 415]
(8, 0) [538, 23]
(8, 1) [126, 0]
(8, 2) [119, 87]
(8, 3) [1, 597]
(8, 4) [51, 982]
(8, 6) [3, 146]
(8, 7) [795, 147]
(8, 8) [1111, 30]
(8, 9) [253, 0]
(8, 10) [42, 0]
(8, 11) [7, 0]
(9, -9) [148, 16]
(9, -8) [142, 67]
(9, -7) [0, 45]
(9, -6) [0, 45]
(9, -5) [0, 59]
(9, -4) [27, 132]
(9, -3) [7, 230]
(9, -2) [0, 340]
(9, -1) [563, 178]
(9, 0) [459, 415]
(9, 1) [217, 68]
(9, 2) [20, 124]
(9, 3) [5, 244]
(9, 4) [49, 926]
(9, 5) [26, 107]
(9, 6) [0, 23]
(9, 7) [659, 13]
(9, 8) [414, 44]
(9, 9) [26, 1]
(9, 10) [13, 0]
(10, -15) [0, 1]
(10, -11) [0, 2]
(10, -10) [16, 3]
(10, -9) [145, 9]
(10, -8) [154, 29]
(10, -7) [847, 13]
(10, -6) [2, 12]
(10, -5) [99, 62]
(10, -4) [13, 21]
(10, -3) [22, 429]
(10, -2) [73, 555]
(10, -1) [159, 139]
(10, 0) [180, 207]
(10, 1) [174, 1185]
(10, 2) [429, 610]
(10, 3) [338, 839]
(10, 4) [71, 440]
(10, 5) [66, 323]
(10, 6) [0, 65]
(10, 7) [270, 1]
(10, 8) [572, 0]
(10, 9) [29, 23]
(10, 10) [3, 0]
(10, 13) [9, 0]
(11, -15) [0, 75]
(11, -14) [0, 96]
(11, -13) [0, 51]
(11, -12) [0, 38]
(11, -11) [2, 39]
(11, -10) [8, 7]
(11, -9) [11, 1]
(11, -8) [441, 64]
(11, -7) [1840, 0]
(11, -6) [157, 2]
(11, -5) [130, 0]
(11, -4) [40, 250]
(11, -3) [57, 613]
(11, -2) [217, 165]
(11, -1) [136, 34]
(11, 0) [80, 139]
(11, 1) [109, 851]
(11, 2) [453, 1191]
(11, 3) [951, 476]
(11, 4) [959, 116]
(11, 5) [665, 195]
(11, 6) [229, 281]
(11, 7) [86, 147]
(11, 8) [983, 0]
(11, 9) [497, 0]
(11, 10) [12, 0]
(11, 11) [1, 0]
(12, -17) [0, 1]
(12, -16) [0, 9]
(12, -15) [0, 120]
(12, -14) [0, 190]
(12, -13) [0, 73]
(12, -12) [2, 53]
(12, -11) [5, 185]
(12, -10) [88, 47]
(12, -9) [30, 2]
(12, -8) [229, 93]
(12, -7) [510, 0]
(12, -6) [152, 0]
(12, -5) [317, 1]
(12, -4) [217, 4]
(12, -3) [210, 87]
(12, -2) [118, 241]
(12, -1) [225, 209]
(12, 0) [72, 1529]
(12, 1) [146, 545]
(12, 2) [456, 38]
(12, 3) [771, 3]
(12, 4) [666, 0]
(12, 5) [392, 180]
(12, 6) [87, 167]
(12, 7) [51, 374]
(12, 8) [740, 20]
(12, 9) [410, 0]
(12, 10) [91, 0]
(12, 11) [6, 0]
(12, 16) [2, 0]
(12, 17) [14, 0]
(13, -19) [0, 5]
(13, -18) [0, 1]
(13, -17) [0, 72]
(13, -16) [0, 102]
(13, -15) [0, 27]
(13, -14) [0, 49]
(13, -13) [35, 20]
(13, -12) [4, 25]
(13, -11) [0, 35]
(13, -10) [66, 0]
(13, -9) [214, 0]
(13, -8) [613, 0]
(13, -7) [1781, 0]
(13, -6) [276, 40]
(13, -5) [962, 10]
(13, -4) [859, 3]
(13, -3) [43, 0]
(13, -2) [203, 283]
(13, -1) [68, 390]
(13, 0) [156, 1166]
(13, 1) [74, 120]
(13, 2) [105, 16]
(13, 3) [221, 0]
(13, 4) [120, 0]
(13, 5) [2, 173]
(13, 6) [23, 380]
(13, 7) [86, 1897]
(13, 8) [517, 679]
(13, 9) [242, 14]
(13, 10) [41, 0]
(13, 11) [43, 0]
(13, 14) [0, 2]
(14, -21) [0, 174]
(14, -20) [0, 151]
(14, -19) [0, 55]
(14, -18) [0, 9]
(14, -17) [0, 56]
(14, -16) [0, 27]
(14, -15) [3, 0]
(14, -14) [6, 0]
(14, -13) [4, 3]
(14, -12) [18, 2]
(14, -11) [15, 1]
(14, -10) [97, 0]
(14, -9) [242, 0]
(14, -8) [654, 6]
(14, -7) [1204, 5]
(14, -6) [1640, 229]
(14, -5) [1790, 24]
(14, -4) [1278, 0]
(14, -3) [478, 6]
(14, -2) [156, 214]
(14, -1) [100, 1107]
(14, 0) [131, 1281]
(14, 1) [20, 738]
(14, 2) [974, 597]
(14, 3) [3388, 1007]
(14, 4) [2173, 597]
(14, 5) [771, 259]
(14, 6) [0, 170]
(14, 7) [117, 189]
(14, 8) [430, 459]
(14, 9) [129, 75]
(14, 10) [30, 21]
(14, 11) [11, 19]
(14, 12) [0, 3]
(14, 14) [0, 6]
(14, 15) [0, 9]
(15, -21) [0, 92]
(15, -20) [0, 186]
(15, -19) [0, 172]
(15, -18) [0, 67]
(15, -17) [0, 82]
(15, -16) [0, 149]
(15, -15) [70, 85]
(15, -14) [49, 4]
(15, -12) [136, 24]
(15, -11) [54, 15]
(15, -10) [2, 0]
(15, -9) [242, 2]
(15, -8) [145, 0]
(15, -7) [184, 22]
(15, -6) [413, 163]
(15, -5) [335, 170]
(15, -4) [522, 2]
(15, -3) [208, 71]
(15, -2) [174, 412]
(15, -1) [1, 541]
(15, 0) [97, 439]
(15, 1) [64, 183]
(15, 2) [187, 34]
(15, 3) [306, 112]
(15, 4) [524, 524]
(15, 5) [129, 829]
(15, 6) [3, 639]
(15, 7) [19, 413]
(15, 8) [50, 458]
(15, 9) [144, 324]
(15, 10) [31, 244]
(15, 11) [94, 179]
(15, 12) [41, 36]
(15, 13) [52, 37]
(15, 14) [135, 17]
(15, 15) [6, 16]
(15, 16) [0, 109]
(15, 17) [0, 13]
(16, -17) [0, 31]
(16, -16) [12, 50]
(16, -15) [160, 87]
(16, -14) [69, 109]
(16, -13) [91, 96]
(16, -12) [56, 113]
(16, -11) [32, 120]
(16, -10) [59, 19]
(16, -9) [153, 18]
(16, -8) [116, 14]
(16, -7) [141, 0]
(16, -6) [163, 0]
(16, -5) [201, 0]
(16, -4) [478, 0]
(16, -3) [202, 0]
(16, -2) [41, 40]
(16, -1) [0, 107]
(16, 0) [10, 247]
(16, 1) [131, 334]
(16, 2) [1, 0]
(16, 3) [15, 3]
(16, 4) [62, 143]
(16, 5) [132, 481]
(16, 6) [144, 419]
(16, 7) [59, 420]
(16, 8) [48, 453]
(16, 9) [277, 415]
(16, 10) [411, 390]
(16, 11) [294, 390]
(16, 12) [241, 1]
(16, 13) [305, 0]
(16, 14) [322, 0]
(16, 15) [208, 0]
(16, 16) [0, 1]
(16, 17) [0, 1]
(17, -18) [72, 3]
(17, -17) [78, 35]
(17, -16) [5, 59]
(17, -15) [176, 0]
(17, -14) [200, 1]
(17, -13) [158, 41]
(17, -12) [44, 267]
(17, -11) [64, 90]
(17, -10) [104, 145]
(17, -9) [120, 205]
(17, -8) [302, 104]
(17, -7) [187, 106]
(17, -6) [155, 49]
(17, -5) [273, 0]
(17, -4) [306, 0]
(17, -3) [274, 0]
(17, -2) [166, 16]
(17, -1) [120, 37]
(17, 0) [0, 28]
(17, 1) [29, 37]
(17, 2) [0, 4]
(17, 3) [108, 42]
(17, 4) [71, 54]
(17, 5) [23, 280]
(17, 6) [45, 135]
(17, 7) [25, 186]
(17, 8) [116, 206]
(17, 9) [16, 311]
(17, 10) [192, 405]
(17, 11) [125, 376]
(17, 12) [216, 27]
(17, 13) [353, 0]
(17, 14) [439, 0]
(17, 15) [227, 0]
(18, -20) [0, 3]
(18, -19) [0, 16]
(18, -18) [85, 3]
(18, -17) [203, 18]
(18, -16) [118, 15]
(18, -15) [183, 0]
(18, -14) [170, 6]
(18, -13) [151, 28]
(18, -12) [101, 59]
(18, -11) [25, 90]
(18, -10) [182, 283]
(18, -9) [197, 368]
(18, -8) [406, 439]
(18, -7) [441, 415]
(18, -6) [271, 417]
(18, -5) [504, 351]
(18, -4) [531, 284]
(18, -3) [82, 161]
(18, -2) [3, 97]
(18, -1) [56, 153]
(18, 0) [47, 179]
(18, 1) [28, 32]
(18, 2) [0, 189]
(18, 3) [231, 394]
(18, 4) [119, 311]
(18, 5) [145, 152]
(18, 6) [491, 93]
(18, 7) [436, 213]
(18, 8) [356, 1]
(18, 9) [4, 0]
(18, 10) [0, 243]
(18, 11) [25, 340]
(18, 12) [188, 1]
(18, 13) [520, 24]
(18, 14) [365, 0]
(18, 15) [187, 0]
(19, -20) [0, 46]
(19, -19) [0, 38]
(19, -18) [160, 0]
(19, -17) [356, 0]
(19, -16) [300, 0]
(19, -15) [419, 8]
(19, -14) [325, 30]
(19, -13) [100, 12]
(19, -12) [26, 29]
(19, -11) [4, 5]
(19, -10) [8, 127]
(19, -9) [143, 304]
(19, -8) [216, 243]
(19, -7) [242, 417]
(19, -6) [152, 533]
(19, -5) [248, 463]
(19, -4) [214, 506]
(19, -3) [19, 467]
(19, -2) [10, 543]
(19, -1) [19, 496]
(19, 0) [1, 481]
(19, 1) [25, 173]
(19, 2) [3, 249]
(19, 3) [9, 198]
(19, 4) [62, 20]
(19, 5) [81, 6]
(19, 6) [346, 175]
(19, 7) [327, 129]
(19, 8) [313, 136]
(19, 9) [2, 2]
(19, 10) [0, 197]
(19, 11) [5, 305]
(19, 12) [31, 0]
(19, 13) [302, 9]
(19, 14) [219, 20]
(19, 15) [133, 0]
(20, -20) [0, 51]
(20, -19) [0, 29]
(20, -18) [68, 1]
(20, -17) [121, 0]
(20, -16) [115, 96]
(20, -15) [294, 145]
(20, -14) [102, 86]
(20, -13) [281, 18]
(20, -12) [140, 49]
(20, -11) [4, 80]
(20, -10) [1, 15]
(20, -9) [57, 221]
(20, -8) [168, 219]
(20, -7) [351, 162]
(20, -6) [184, 247]
(20, -5) [67, 321]
(20, -4) [162, 331]
(20, -3) [5, 374]
(20, -2) [0, 165]
(20, -1) [47, 108]
(20, 0) [40, 173]
(20, 1) [60, 124]
(20, 2) [0, 156]
(20, 3) [8, 267]
(20, 4) [11, 216]
(20, 5) [25, 183]
(20, 6) [93, 136]
(20, 7) [166, 36]
(20, 8) [138, 20]
(20, 9) [1, 0]
(20, 10) [0, 196]
(20, 11) [0, 312]
(20, 12) [131, 17]
(20, 13) [326, 23]
(20, 14) [322, 65]
(20, 15) [162, 4]
(20, 16) [0, 125]
(20, 17) [0, 12]
(21, -20) [0, 209]
(21, -19) [0, 123]
(21, -18) [0, 7]
(21, -17) [25, 57]
(21, -16) [16, 68]
(21, -15) [57, 292]
(21, -14) [0, 250]
(21, -13) [205, 191]
(21, -12) [79, 216]
(21, -11) [0, 173]
(21, -10) [55, 93]
(21, -9) [86, 314]
(21, -8) [207, 272]
(21, -7) [163, 139]
(21, -6) [28, 90]
(21, -5) [2, 179]
(21, -4) [109, 284]
(21, -3) [45, 186]
(21, -2) [0, 64]
(21, -1) [9, 123]
(21, 0) [46, 19]
(21, 1) [32, 8]
(21, 2) [74, 56]
(21, 3) [84, 125]
(21, 4) [1, 194]
(21, 5) [0, 64]
(21, 6) [25, 46]
(21, 7) [209, 1]
(21, 8) [160, 51]
(21, 9) [7, 56]
(21, 10) [15, 135]
(21, 11) [30, 342]
(21, 12) [48, 34]
(21, 13) [251, 2]
(21, 14) [322, 99]
(21, 15) [144, 115]
(21, 16) [0, 226]
(21, 17) [0, 11]
(22, -20) [0, 248]
(22, -19) [0, 200]
(22, -18) [51, 43]
(22, -17) [54, 60]
(22, -16) [0, 80]
(22, -15) [8, 229]
(22, -14) [0, 245]
(22, -13) [52, 313]
(22, -12) [11, 50]
(22, -11) [0, 130]
(22, -10) [221, 151]
(22, -9) [103, 144]
(22, -8) [36, 57]
(22, -7) [76, 23]
(22, -5) [1, 20]
(22, -4) [106, 39]
(22, -3) [0, 107]
(22, -2) [0, 3]
(22, -1) [49, 10]
(22, 0) [76, 161]
(22, 1) [74, 306]
(22, 2) [24, 389]
(22, 3) [37, 388]
(22, 4) [50, 349]
(22, 5) [0, 356]
(22, 6) [0, 362]
(22, 7) [0, 163]
(22, 8) [3, 133]
(22, 9) [0, 284]
(22, 10) [26, 288]
(22, 11) [110, 257]
(22, 12) [220, 56]
(22, 13) [158, 8]
(22, 14) [187, 31]
(22, 15) [148, 215]
(22, 16) [0, 108]
(22, 17) [0, 3]
(23, -20) [0, 121]
(23, -19) [0, 237]
(23, -18) [0, 318]
(23, -17) [0, 352]
(23, -16) [0, 192]
(23, -15) [0, 174]
(23, -14) [0, 215]
(23, -13) [0, 353]
(23, -12) [0, 177]
(23, -11) [0, 216]
(23, -10) [62, 134]
(23, -9) [8, 273]
(23, -8) [10, 153]
(23, -7) [28, 19]
(23, -6) [0, 30]
(23, -5) [0, 28]
(23, -4) [0, 20]
(23, -3) [0, 52]
(23, -2) [0, 11]
(23, -1) [2, 40]
(23, 0) [19, 419]
(23, 1) [32, 477]
(23, 2) [32, 325]
(23, 3) [108, 97]
(23, 4) [40, 95]
(23, 5) [0, 25]
(23, 6) [0, 52]
(23, 7) [0, 35]
(23, 8) [0, 23]
(23, 9) [4, 252]
(23, 10) [0, 319]
(23, 11) [3, 187]
(23, 12) [0, 62]
(23, 13) [4, 17]
(23, 14) [13, 31]
(23, 15) [17, 289]
(23, 16) [0, 281]
(23, 17) [0, 26]
(24, -20) [0, 52]
(24, -19) [0, 272]
(24, -18) [0, 415]
(24, -17) [0, 603]
(24, -16) [0, 556]
(24, -15) [0, 468]
(24, -14) [0, 460]
(24, -13) [0, 597]
(24, -12) [0, 188]
(24, -11) [0, 378]
(24, -10) [3, 81]
(24, -9) [8, 177]
(24, -8) [128, 97]
(24, -7) [61, 17]
(24, -6) [1, 37]
(24, -5) [2, 62]
(24, -4) [6, 7]
(24, -3) [3, 111]
(24, -2) [14, 3]
(24, -1) [20, 0]
(24, 0) [13, 99]
(24, 1) [91, 316]
(24, 2) [89, 272]
(24, 3) [94, 0]
(24, 4) [71, 0]
(24, 5) [0, 23]
(24, 6) [0, 37]
(24, 7) [0, 17]
(24, 8) [0, 36]
(24, 9) [0, 230]
(24, 10) [4, 192]
(24, 11) [1, 187]
(24, 12) [24, 77]
(24, 13) [43, 36]
(24, 14) [167, 42]
(24, 15) [107, 2]
(24, 16) [22, 27]
(24, 17) [36, 89]
(24, 18) [4, 3]
(25, -20) [0, 141]
(25, -19) [0, 272]
(25, -18) [0, 255]
(25, -17) [0, 318]
(25, -16) [0, 319]
(25, -15) [0, 339]
(25, -14) [0, 192]
(25, -13) [0, 387]
(25, -12) [0, 159]
(25, -11) [6, 243]
(25, -10) [35, 171]
(25, -9) [16, 89]
(25, -8) [16, 77]
(25, -7) [0, 57]
(25, -6) [0, 152]
(25, -5) [5, 155]
(25, -2) [2, 0]
(25, -1) [0, 4]
(25, 0) [15, 0]
(25, 1) [35, 45]
(25, 2) [8, 122]
(25, 3) [10, 0]
(25, 4) [78, 19]
(25, 5) [53, 98]
(25, 6) [0, 53]
(25, 7) [0, 72]
(25, 8) [9, 22]
(25, 9) [8, 3]
(25, 10) [0, 17]
(25, 11) [0, 54]
(25, 12) [14, 126]
(25, 13) [168, 7]
(25, 14) [273, 0]
(25, 15) [273, 0]
(25, 16) [332, 7]
(25, 17) [132, 45]
(25, 18) [3, 41]
(25, 19) [0, 5]
(26, -21) [0, 9]
(26, -20) [0, 294]
(26, -19) [0, 319]
(26, -18) [0, 217]
(26, -17) [0, 489]
(26, -16) [0, 477]
(26, -15) [0, 322]
(26, -14) [17, 353]
(26, -13) [30, 300]
(26, -12) [63, 212]
(26, -11) [93, 304]
(26, -10) [125, 257]
(26, -9) [50, 314]
(26, -8) [30, 286]
(26, -7) [116, 277]
(26, -6) [113, 338]
(26, -5) [141, 342]
(26, -4) [70, 9]
(26, -3) [7, 0]
(26, -2) [11, 0]
(26, -1) [2, 0]
(26, 1) [68, 7]
(26, 2) [30, 36]
(26, 3) [0, 11]
(26, 4) [0, 2]
(26, 5) [0, 127]
(26, 6) [0, 156]
(26, 7) [0, 77]
(26, 8) [11, 62]
(26, 9) [54, 65]
(26, 10) [31, 1]
(26, 11) [40, 35]
(26, 12) [124, 62]
(26, 13) [325, 38]
(26, 14) [352, 37]
(26, 15) [285, 12]
(26, 16) [294, 0]
(26, 17) [168, 13]
(26, 18) [178, 55]
(26, 19) [21, 52]
(27, -21) [0, 3]
(27, -20) [0, 113]
(27, -19) [0, 204]
(27, -18) [0, 256]
(27, -17) [0, 419]
(27, -16) [0, 566]
(27, -15) [0, 571]
(27, -14) [99, 349]
(27, -13) [225, 454]
(27, -12) [274, 301]
(27, -11) [240, 283]
(27, -10) [112, 251]
(27, -9) [32, 356]
(27, -8) [211, 371]
(27, -7) [671, 420]
(27, -6) [580, 492]
(27, -5) [541, 463]
(27, -4) [404, 100]
(27, -3) [105, 53]
(27, -2) [320, 77]
(27, -1) [306, 73]
(27, 0) [66, 69]
(27, 1) [10, 0]
(27, 2) [23, 25]
(27, 3) [6, 10]
(27, 4) [0, 7]
(27, 5) [6, 92]
(27, 6) [9, 181]
(27, 7) [0, 416]
(27, 8) [6, 224]
(27, 9) [73, 188]
(27, 10) [157, 90]
(27, 11) [221, 153]
(27, 12) [307, 78]
(27, 13) [255, 96]
(27, 14) [236, 232]
(27, 15) [333, 33]
(27, 16) [352, 20]
(27, 17) [279, 32]
(27, 18) [113, 75]
(27, 19) [65, 152]
(27, 20) [5, 90]
(28, -21) [0, 12]
(28, -20) [0, 212]
(28, -19) [0, 267]
(28, -18) [0, 238]
(28, -17) [0, 245]
(28, -16) [0, 319]
(28, -15) [32, 385]
(28, -14) [52, 507]
(28, -13) [111, 326]
(28, -12) [180, 210]
(28, -11) [229, 257]
(28, -10) [275, 421]
(28, -9) [319, 553]
(28, -8) [346, 351]
(28, -7) [496, 299]
(28, -6) [467, 298]
(28, -5) [439, 316]
(28, -4) [398, 55]
(28, -3) [426, 57]
(28, -2) [365, 28]
(28, -1) [184, 8]
(28, 0) [116, 17]
(28, 1) [8, 0]
(28, 2) [82, 197]
(28, 3) [160, 73]
(28, 4) [42, 8]
(28, 5) [39, 34]
(28, 6) [54, 288]
(28, 7) [3, 374]
(28, 8) [29, 254]
(28, 9) [124, 176]
(28, 10) [284, 23]
(28, 11) [421, 82]
(28, 12) [269, 73]
(28, 13) [374, 26]
(28, 14) [366, 25]
(28, 15) [365, 44]
(28, 16) [389, 58]
(28, 17) [71, 32]
(28, 18) [55, 76]
(28, 19) [69, 74]
(28, 20) [115, 265]
(28, 21) [1, 13]
(29, -21) [0, 100]
(29, -20) [0, 330]
(29, -19) [0, 219]
(29, -18) [0, 218]
(29, -17) [0, 181]
(29, -16) [0, 168]
(29, -15) [261, 185]
(29, -14) [46, 324]
(29, -13) [0, 427]
(29, -12) [7, 334]
(29, -11) [9, 268]
(29, -10) [34, 207]
(29, -9) [17, 185]
(29, -8) [137, 235]
(29, -7) [82, 218]
(29, -6) [185, 243]
(29, -5) [194, 320]
(29, -4) [306, 122]
(29, -3) [502, 26]
(29, -2) [470, 21]
(29, -1) [562, 20]
(29, 0) [564, 34]
(29, 1) [407, 0]
(29, 2) [299, 68]
(29, 3) [438, 29]
(29, 4) [388, 229]
(29, 5) [297, 149]
(29, 6) [204, 176]
(29, 7) [282, 210]
(29, 8) [42, 432]
(29, 9) [96, 231]
(29, 10) [332, 60]
(29, 11) [276, 1]
(29, 12) [288, 43]
(29, 13) [464, 15]
(29, 14) [460, 75]
(29, 15) [301, 57]
(29, 16) [222, 93]
(29, 17) [0, 18]
(29, 18) [27, 45]
(29, 19) [30, 92]
(29, 20) [196, 103]
(29, 21) [39, 60]
(30, -21) [0, 80]
(30, -20) [0, 246]
(30, -19) [0, 108]
(30, -18) [0, 197]
(30, -17) [0, 192]
(30, -16) [0, 74]
(30, -15) [200, 157]
(30, -14) [142, 160]
(30, -13) [5, 273]
(30, -12) [17, 234]
(30, -11) [46, 364]
(30, -10) [22, 257]
(30, -9) [85, 291]
(30, -8) [93, 391]
(30, -7) [122, 346]
(30, -6) [212, 355]
(30, -5) [166, 303]
(30, -4) [218, 61]
(30, -3) [310, 15]
(30, -2) [350, 39]
(30, -1) [414, 6]
(30, 0) [649, 32]
(30, 1) [423, 43]
(30, 2) [610, 184]
(30, 3) [534, 132]
(30, 4) [448, 308]
(30, 5) [366, 346]
(30, 6) [317, 343]
(30, 7) [259, 410]
(30, 8) [265, 448]
(30, 9) [355, 381]
(30, 10) [280, 248]
(30, 11) [328, 235]
(30, 12) [385, 107]
(30, 13) [451, 391]
(30, 14) [561, 164]
(30, 15) [357, 204]
(30, 16) [459, 315]
(30, 17) [123, 156]
(30, 18) [0, 64]
(30, 19) [65, 130]
(30, 20) [57, 91]
(30, 21) [184, 196]
(30, 22) [29, 252]
(31, -21) [0, 105]
(31, -20) [0, 246]
(31, -19) [0, 304]
(31, -18) [0, 333]
(31, -17) [0, 397]
(31, -16) [0, 263]
(31, -15) [147, 234]
(31, -14) [162, 402]
(31, -13) [9, 319]
(31, -12) [57, 301]
(31, -11) [240, 462]
(31, -10) [150, 371]
(31, -9) [140, 537]
(31, -8) [90, 411]
(31, -7) [48, 326]
(31, -6) [70, 550]
(31, -5) [82, 653]
(31, -4) [137, 386]
(31, -3) [141, 66]
(31, -2) [241, 90]
(31, -1) [245, 106]
(31, 0) [611, 113]
(31, 1) [373, 151]
(31, 2) [527, 130]
(31, 3) [856, 139]
(31, 4) [559, 275]
(31, 5) [443, 521]
(31, 6) [305, 599]
(31, 7) [293, 583]
(31, 8) [271, 354]
(31, 9) [383, 495]
(31, 10) [468, 548]
(31, 11) [575, 950]
(31, 12) [631, 1334]
(31, 13) [459, 1270]
(31, 14) [488, 1756]
(31, 15) [1002, 1178]
(31, 16) [1539, 1200]
(31, 17) [1685, 1026]
(31, 18) [186, 876]
(31, 19) [118, 1201]
(31, 20) [332, 1024]
(31, 21) [237, 876]
(31, 22) [636, 631]
(32, -21) [0, 2]
(32, -20) [0, 133]
(32, -19) [0, 85]
(32, -18) [0, 84]
(32, -17) [0, 77]
(32, -16) [0, 244]
(32, -15) [24, 57]
(32, -14) [133, 287]
(32, -13) [110, 238]
(32, -12) [278, 379]
(32, -11) [368, 480]
(32, -10) [184, 511]
(32, -9) [225, 453]
(32, -8) [285, 709]
(32, -7) [314, 525]
(32, -6) [354, 758]
(32, -5) [418, 731]
(32, -4) [347, 731]
(32, -3) [423, 431]
(32, -2) [492, 495]
(32, -1) [632, 496]
(32, 0) [613, 269]
(32, 1) [648, 801]
(32, 2) [459, 97]
(32, 3) [664, 127]
(32, 4) [889, 417]
(32, 5) [748, 559]
(32, 6) [953, 789]
(32, 7) [353, 896]
(32, 8) [436, 1025]
(32, 9) [410, 613]
(32, 10) [461, 624]
(32, 11) [819, 646]
(32, 12) [646, 446]
(32, 13) [829, 2]
(32, 14) [556, 5]
(32, 15) [300, 50]
(32, 16) [5, 2]
(32, 17) [7, 0]
(32, 19) [3, 0]
(33, -18) [22, 0]
(33, -17) [32, 0]
(33, -16) [34, 0]
(33, -15) [165, 119]
(33, -14) [250, 250]
(33, -13) [397, 432]
(33, -12) [530, 731]
(33, -11) [943, 890]
(33, -10) [539, 620]
(33, -9) [570, 1035]
(33, -8) [829, 1582]
(33, -7) [723, 1706]
(33, -6) [634, 1883]
(33, -5) [805, 1606]
(33, -4) [822, 1536]
(33, -3) [571, 1056]
(33, -2) [649, 1206]
(33, -1) [595, 1322]
(33, 0) [615, 1718]
(33, 1) [777, 533]
(33, 2) [1265, 107]
(33, 3) [1649, 114]
(33, 4) [1271, 73]
(33, 5) [619, 111]
(33, 6) [81, 182]
(33, 7) [134, 236]
(33, 8) [110, 198]
(33, 9) [129, 110]
(33, 10) [100, 57]
(33, 11) [87, 14]
(33, 12) [79, 50]
(33, 13) [85, 0]
(33, 14) [82, 3]
(33, 15) [70, 2]
(33, 16) [79, 7]
(33, 17) [80, 0]
(33, 18) [56, 0]
(33, 19) [67, 0]
(33, 20) [18, 0]
(34, -15) [1793, 1658]
(34, -14) [1818, 1419]
(34, -13) [1952, 1385]
(34, -12) [1364, 1307]
(34, -11) [1903, 1321]
(34, -10) [1786, 1947]
(34, -9) [898, 749]
(34, -8) [714, 637]
(34, -7) [611, 119]
(34, -6) [433, 0]
(34, -5) [202, 0]
(34, -4) [1, 0]
(34, 0) [0, 15]
(34, 1) [0, 39]
(34, 2) [0, 60]
(34, 3) [0, 83]
(34, 4) [0, 93]
(34, 5) [0, 108]
(34, 6) [0, 140]
(34, 7) [0, 142]
(34, 8) [0, 81]
(34, 9) [0, 78]
(34, 10) [0, 59]
(34, 11) [0, 75]
(34, 12) [0, 82]
(34, 13) [0, 97]
(34, 14) [0, 86]
(34, 15) [0, 31]
(34, 16) [0, 43]
(35, -15) [508, 0]
(35, -14) [28, 0]
